
Vector B:
7812,942805 1759,591247 60,922889 9,819884 

Vector D:
74,035310 3,709756 35,902437 881,821395 

Vector E:
904,976254 221,979610 453,927413 3,051916 

Matrix MC:
6149,339888 7394,513586 2,638157 3223,418492 
5754,947510 9,907511 448,881959 596,188174 
2904,947800 8266,196660 16,122652 78,403092 
83,477123 936,641380 3864,028163 79,948311 

Matrix MZ:
4,786490 906,724344 5484,003846 817,502821 
5958,056128 19,199129 1174,675422 4,073621 
9220,279677 39,070654 40,627883 4296,270425 
8,000740 6,903806 8,612764 711,573823 

Matrix MT:
89,060797 17,717732 57,767806 985,872198 
863,340122 8,356748 384,368514 7876,832571 
729,922630 72,767557 7,142793 80,386683 
9,962942 429,777353 68,345588 845,006809 

Matrix ME:
1,694468 93,420358 409,132875 3596,112903 
687,699109 8,816082 92,839246 7,024952 
516,375191 6,453748 30,568599 40,226139 
6705,743795 802,192366 6763,154218 567,072879 
