
Vector B:
4633,451019 0,071239 0,115865 28018,863289 

Vector D:
0,017110 600,650059 67,242414 34299,666017 

Vector E:
775,048579 9,740230 0,077556 91,626937 

Matrix MC:
0,063498 84862,556048 73,290990 0,485724 
3,580093 3,619816 4,412897 605,249862 
1758,176903 15123,832347 75,097102 7,050204 
58,068595 8803,557859 9,856530 8922,642710 

Matrix MZ:
87,988480 7545,509292 52996,914006 6,178766 
5840,023434 0,015097 9,474128 52,516547 
448,287325 42278,974466 3661,102745 69,623338 
7678,562568 9,674603 2506,909796 71885,643992 

Matrix MT:
0,780545 1087,909902 2989,896457 0,118848 
103,382416 960,153685 605,395017 57,004696 
0,068368 9893,488691 5,872770 0,042275 
0,468723 3515,644837 5960,424935 0,439535 

Matrix ME:
11372,642638 0,388264 0,067309 6088,674490 
534,456415 9885,157263 0,348535 78753,752505 
56,633288 0,042009 67274,213003 2,189978 
64,149453 0,048707 5,604729 4225,965488 
