
Vector B:
5,041607 805,067052 4,237468 6048,841274 

Vector D:
2,773178 86,270055 4474,053203 559,994603 

Vector E:
730,464066 9724,531813 2337,751193 9672,195558 

Matrix MC:
3,022744 540,216217 684,139816 299,300399 
6597,911034 87,048767 234,177116 3,023035 
65,765829 78,879651 4786,732374 2796,211180 
5299,007099 466,179838 4448,872805 4328,367299 

Matrix MZ:
184,735725 5017,705857 9,248823 3,167801 
1,805455 4173,501213 1363,056019 870,161074 
1186,401952 8,847417 88,529279 9570,991543 
875,527964 589,327034 4,196454 49,298888 

Matrix MT:
44,210298 167,328831 2401,225862 758,826480 
363,031894 50,083465 7,056333 81,593332 
32,188145 39,912092 64,608072 625,479013 
8985,577071 8537,354754 56,577065 7714,024898 

Matrix ME:
3590,870037 74,507521 1,669227 87,860708 
7,933862 1525,964424 3084,440576 24,551513 
424,355659 4,483921 35,387112 73,976930 
67,133158 5,547863 53,180685 1,375644 
